1111111111111111111111111111111111111111111111111
111>                11111111111111111111111111111
11111111   1111111     11111111111111111111111111
1111>     1111111111   11111111111111111111111111
11111111     <1111111  11111111111111111111111111
11111>   111111111111  11111111111111111111111111
11111111    <11111111  11111111111111111111111111
1      b                                        1
1      b                                        1
1      b            1                           1
1      b            15551 4                     1
1      b            11111111                    1
1      b             11111 111111    111111111111
1         O                 111111      111111111
11111111111111111111111111  1         1111111111
1                           1                   1
1                           1                   1
1      Naaaaaaaaaaaaaaaa 1111                   1
1      1155555555555555111111111                1
1     111115555555555111111111111              1
14    1555555555555555511111111111              1
111  111111111111111111111111111111             1
111                      11111111155551111115  51
111                     <11111111555555111115  51
111                      1      1111111111115  51
1111                    <1Q                15  51
1111                     111              <15  51
1111               11   <1      1         <15  51
11111    1  1    1111    1>          1     15  51
111111555555555111111   <1111        11111115  51
1111111111111111111111  11111111cccc111111111  11
1                        1111111               P1
1                        111111111DD1111111111111
1                        111111   cc            1
1                        111                    1
1                        1                      1
1                   111111                      1
1                111111111                      1
1           11111111111111                      1
1       111111111111111111              9       1
1111111111111111111111111111111111111111111111111