11111111111111111111111111111111111111111111111
1                                            <1
1>                                            1
1                                            <1
1>                                            1
1                                            <1
1    111111111111111111111111111111111111111  1
1    1111111111                               1
1    11111111                      1          1
1    1111111          1    1       1          1
1    111111           1    1                  1
1    11111                     1555555514     1
1    1111        155555555555551111111111AAAAA1
1    1111>       111111111111111         A    1
1    111111       O  B              N    A  9 1
11111111111111111111111111111111111111111111111 